Resnet Error: 1.00%
Resnet Accuracy: 99.00%

fake but live: [[0, 2, 0], [0, 0, 0, 1], [0, 4, 0, 2], [1, 2, 0, 3, 0]]				#are fake but predicted live
all_fake: [[53, 102, 81], [97, 94, 95, 93], [115, 83, 105, 92], [142, 112, 119, 83, 445]]


live but fake: [[0, 1, 0], [0, 0, 0, 2], [0, 2, 1, 5], [3, 1, 2, 3, 4]]				#are live but predicted fake
all_live: [[56, 109, 64], [106, 95, 101, 103], [92, 122, 102, 126], [141, 96, 105, 98, 466]]


all: [[109, 211, 145], [203, 189, 196, 196], [207, 205, 207, 218], [283, 208, 224, 181, 911]]